ES1201820061770080107287
ES 58 0075 0204 9406 0081 1004
ES17 2100 2050 61 0200003745
ES94 2095 5381 1910 6117 3539
ES39 2095 0292 9132 3900 0567
ES65 0081 1763 11 0001002404
ES53 0030 4290 7700 0171 1271
ES94 2100 0424 34 0200114567
ES59 0081 0264 4600 01350839
ES1320133074610211236492
ES97 0182 3999 3702 0066 4662
ES97 0182 3999 3702 0066 4662
ES92 0128 0033 7805 0000 0751
ES85 0049 6015 13 2710068066
ES6720310000010118272402
ES9521000549410200294293
ES2800810312250001194826
ES29 0182 0903 59 0200081438
ES50 0487 0045 37 2080000078
ES74 0075 0078 0006 0146 8903
ES22 0049 4306 6221 9008 4227
ES10 3058 0357 3627 2090 2337
ES38 2100 2225 4702 0020 1137
ES71 1465 0100 9819 0030 4942
ES06 0182 3344 2602 0160 0719
ES62 2100 0196 2302 0046 4351
ES7300496742512716208582
ES21 2038 9659 2760 0004 0359
